[원본] : 02468ACEECA86420

0000 0010 0100 0110 1000 1010 1100 1110
1110 1100 1010 1000 0110 0100 0010 0000


[키] : 0F1571C947D9E859

0000 1111 0001 0101 0111 0001 1100 1001
0100 0111 1101 1001 1110 1000 0101 1001


KEY PC2
00007833C320DA70

0000 0000 0000 0000 0111 1000 0011 0011
1100 0011 0010 0000 1101 1010 0111 0000


[L + R] 3CF03C0FBAD22845

0011 1100 1111 0000 0011 1100 0000 1111
1011 1010 1101 0010 0010 1000 0100 0101


KEY PC2
00002B1A74CA48D8

0000 0000 0000 0000 0010 1011 0001 1010
0111 0100 1100 1010 0100 1000 1101 1000


[L + R] BAD2284599E9B723

1011 1010 1101 0010 0010 1000 0100 0101
1001 1001 1110 1001 1011 0111 0010 0011


KEY PC2
00008C78D881D31D

0000 0000 0000 0000 1000 1100 0111 1000
1101 1000 1000 0001 1101 0011 0001 1101


[L + R] 99E9B7230BAE3B9E

1001 1001 1110 1001 1011 0111 0010 0011
0000 1011 1010 1110 0011 1011 1001 1110


KEY PC2
00001667789316A0

0000 0000 0000 0000 0001 0110 0110 0111
0111 1000 1001 0011 0001 0110 1010 0000


[L + R] 0BAE3B9E42415649

0000 1011 1010 1110 0011 1011 1001 1110
0100 0010 0100 0001 0101 0110 0100 1001


KEY PC2
0000CE5D01D80B25

0000 0000 0000 0000 1100 1110 0101 1101
0000 0001 1101 1000 0000 1011 0010 0101


[L + R] 4241564918B3FA41

0100 0010 0100 0001 0101 0110 0100 1001
0001 1000 1011 0011 1111 1010 0100 0001


KEY PC2
00004BAB4D126A9C

0000 0000 0000 0000 0100 1011 1010 1011
0100 1101 0001 0010 0110 1010 1001 1100


[L + R] 18B3FA419616FE23

0001 1000 1011 0011 1111 1010 0100 0001
1001 0110 0001 0110 1111 1110 0010 0011


KEY PC2
000009F48B713191

0000 0000 0000 0000 0000 1001 1111 0100
1000 1011 0111 0001 0011 0001 1001 0001


[L + R] 9616FE2367117CF2

1001 0110 0001 0110 1111 1110 0010 0011
0110 0111 0001 0001 0111 1100 1111 0010


KEY PC2
0000710DEAA3202B

0000 0000 0000 0000 0111 0001 0000 1101
1110 1010 1010 0011 0010 0000 0010 1011


[L + R] 67117CF2C11BFC09

0110 0111 0001 0001 0111 1100 1111 0010
1100 0001 0001 1011 1111 1100 0000 1001


KEY PC2
0000129AB83347C3

0000 0000 0000 0000 0001 0010 1001 1010
1011 1000 0011 0011 0100 0111 1100 0011


[L + R] C11BFC09887FBC6C

1100 0001 0001 1011 1111 1100 0000 1001
1000 1000 0111 1111 1011 1100 0110 1100


KEY PC2
00009C38661E8103

0000 0000 0000 0000 1001 1100 0011 1000
0110 0110 0001 1110 1000 0001 0000 0011


[L + R] 887FBC6C600F7E8B

1000 1000 0111 1111 1011 1100 0110 1100
0110 0000 0000 1111 0111 1110 1000 1011


KEY PC2
0000A26E4CC66544

0000 0000 0000 0000 1010 0010 0110 1110
0100 1100 1100 0110 0110 0101 0100 0100


[L + R] 600F7E8BF596506E

0110 0000 0000 1111 0111 1110 1000 1011
1111 0101 1001 0110 0101 0000 0110 1110


KEY PC2
000048772468A3C8

0000 0000 0000 0000 0100 1000 0111 0111
0010 0100 0110 1000 1010 0011 1100 1000


[L + R] F596506E738538B8

1111 0101 1001 0110 0101 0000 0110 1110
0111 0011 1000 0101 0011 1000 1011 1000


KEY PC2
0000C09D79F0D40B

0000 0000 0000 0000 1100 0000 1001 1101
0111 1001 1111 0000 1101 0100 0000 1011


[L + R] 738538B8C6A62C4E

0111 0011 1000 0101 0011 1000 1011 1000
1100 0110 1010 0110 0010 1100 0100 1110


KEY PC2
0000C5E2634E162A

0000 0000 0000 0000 1100 0101 1110 0010
0110 0011 0100 1110 0001 0110 0010 1010


[L + R] C6A62C4E56B0BD75

1100 0110 1010 0110 0010 1100 0100 1110
0101 0110 1011 0000 1011 1101 0111 0101


KEY PC2
0000A3DF829C7968

0000 0000 0000 0000 1010 0011 1101 1111
1000 0010 1001 1100 0111 1001 0110 1000


[L + R] 56B0BD7575E8FD8F

0101 0110 1011 0000 1011 1101 0111 0101
0111 0101 1110 1000 1111 1101 1000 1111


KEY PC2
0000A6120B4D4C25

0000 0000 0000 0000 1010 0110 0001 0010
0000 1011 0100 1101 0100 1100 0010 0101


[L + R] 75E8FD8F25896490

0111 0101 1110 1000 1111 1101 1000 1111
0010 0101 1000 1001 0110 0100 1001 0000


[암호] : DA02CE3A89ECAC3B

1101 1010 0000 0010 1100 1110 0011 1010
1000 1001 1110 1100 1010 1100 0011 1011


[복호] : 02468ACEECA86420

0000 0010 0100 0110 1000 1010 1100 1110
1110 1100 1010 1000 0110 0100 0010 0000


계속하려면 아무 키나 누르십시오 . . .

